# Object: 
# Sample: 
# Curr: 900 (Watts: 0.00212998, Luxes: 8.2241)
#Time	L	a	b	dE76	dE94	dE2000	dL	da	db
0	73.8851	11.7757	58.9553	0	0	0	0	0	0
2.511	73.0925	13.0048	58.2311	1.63203	1.07191	1.07442	-0.792661	1.22912	-0.724218
4.518	72.776	13.4748	57.9133	2.28097	1.49665	1.49938	-1.10915	1.69904	-1.04205
6.526	72.5351	13.823	57.6765	2.76574	1.81658	1.8182	-1.35004	2.04727	-1.27883
8.532	72.3531	14.0799	57.4427	3.15345	2.06233	2.065	-1.53198	2.3042	-1.51259
10.554	72.2069	14.288	57.2607	3.46398	2.25993	2.26381	-1.67819	2.51223	-1.69456
12.545	72.0783	14.4608	57.1668	3.69775	2.42324	2.42321	-1.80686	2.68512	-1.78851
14.553	71.9717	14.5826	57.0417	3.89892	2.55675	2.5518	-1.91342	2.80689	-1.91358
16.549	71.8928	14.7088	56.9984	4.04986	2.662	2.65798	-1.9923	2.93305	-1.95689
18.555	71.8126	14.8036	56.94	4.18628	2.75967	2.75092	-2.07251	3.02789	-2.01532
20.594	71.7475	14.8875	56.8265	4.33412	2.84857	2.84071	-2.13763	3.11177	-2.12885
22.601	71.6933	14.9472	56.794	4.41968	2.91241	2.90021	-2.19185	3.17146	-2.16129
24.609	71.6343	15.0178	56.7322	4.52984	2.98669	2.97224	-2.25085	3.24205	-2.22311
26.621	71.5881	15.0798	56.6888	4.61841	3.04645	3.03132	-2.29699	3.30404	-2.26647
28.638	71.5497	15.1264	56.595	4.71718	3.10104	3.08743	-2.33538	3.35065	-2.36029
30.645	71.5103	15.1832	56.5406	4.80432	3.15537	3.14287	-2.37486	3.40745	-2.41469
32.646	71.4766	15.2268	56.6242	4.81088	3.18553	3.1662	-2.4085	3.45102	-2.33112
34.664	71.4449	15.2403	56.5493	4.87302	3.2222	3.19922	-2.44017	3.46456	-2.40596
36.674	71.4175	15.3028	56.4435	4.98375	3.27503	3.26091	-2.46757	3.52703	-2.51176
38.678	71.3911	15.3125	56.5256	4.96312	3.28895	3.26385	-2.494	3.5368	-2.42972
40.683	71.366	15.3601	56.5039	5.02021	3.32573	3.30288	-2.51911	3.58434	-2.45136
42.677	71.3387	15.3886	56.4521	5.07965	3.36142	3.33805	-2.54645	3.61282	-2.50318
44.666	71.3115	15.4394	56.3712	5.16945	3.40751	3.38955	-2.57364	3.66362	-2.58408
46.672	71.2942	15.4422	56.3767	5.17734	3.42086	3.3976	-2.59088	3.66644	-2.57865
48.665	71.2747	15.4781	56.3908	5.20556	3.44561	3.42226	-2.61038	3.70232	-2.56448
50.674	71.2599	15.5041	56.3283	5.26245	3.47228	3.45256	-2.62521	3.72834	-2.627
52.685	71.2387	15.5281	56.2596	5.32449	3.50385	3.48569	-2.64637	3.75235	-2.6957
54.69	71.2216	15.5374	56.4075	5.26648	3.5032	3.47335	-2.66352	3.76164	-2.54784
56.698	71.2029	15.563	56.3793	5.30783	3.52876	3.49937	-2.6822	3.78723	-2.576
58.706	71.1934	15.5719	56.2987	5.35855	3.54792	3.52156	-2.69175	3.79622	-2.65656
60.747	71.1777	15.5846	56.3227	5.36358	3.5612	3.53094	-2.70743	3.80884	-2.63259
62.757	71.1633	15.6077	56.3271	5.38514	3.57907	3.54844	-2.7218	3.83199	-2.62819
64.752	71.1548	15.6406	56.3204	5.41615	3.59687	3.57023	-2.73031	3.86488	-2.63492
66.757	71.131	15.6522	56.3121	5.44051	3.61965	3.58806	-2.75415	3.87649	-2.64322
68.765	71.1195	15.6637	56.353	5.43477	3.62755	3.59226	-2.76564	3.88794	-2.60228
70.782	71.1056	15.6923	56.2614	5.50658	3.65751	3.62828	-2.77955	3.91658	-2.69386
72.787	71.0963	15.7084	56.2492	5.52868	3.67109	3.64266	-2.78883	3.93264	-2.70612
74.791	71.0854	15.7174	56.3019	5.51501	3.67637	3.64332	-2.79967	3.94165	-2.65341
76.801	71.0763	15.7336	56.3458	5.51033	3.68371	3.64847	-2.80882	3.95785	-2.60955
78.789	71.0577	15.7536	56.2579	5.57618	3.71399	3.68148	-2.82738	3.9779	-2.69742
80.814	71.0523	15.7764	56.2752	5.5869	3.72355	3.69275	-2.83284	4.00071	-2.68007
82.82	71.0361	15.7926	56.2578	5.61505	3.74301	3.71109	-2.84904	4.01685	-2.69754
84.834	71.0265	15.7912	56.2506	5.62238	3.75064	3.7158	-2.85859	4.01552	-2.70466
86.831	71.0195	15.8129	56.2469	5.64318	3.76332	3.73062	-2.86557	4.03712	-2.70844
88.829	71.016	15.8326	56.313	5.6278	3.76512	3.73146	-2.86915	4.0569	-2.64228
90.837	71.0054	15.8165	56.3028	5.6264	3.76913	3.72952	-2.87973	4.04076	-2.65251
92.844	70.9968	15.8524	56.2706	5.6718	3.79076	3.7571	-2.88834	4.07668	-2.68467
94.851	70.9788	15.8443	56.2413	5.68906	3.80505	3.7657	-2.90627	4.06854	-2.71404
96.876	70.9702	15.8623	56.2834	5.68647	3.81279	3.77184	-2.91487	4.08658	-2.67195
98.883	70.96	15.8819	56.276	5.70928	3.82769	3.78766	-2.9251	4.10619	-2.67934
100.892	70.9531	15.9045	56.2289	5.75126	3.84537	3.8101	-2.932	4.12879	-2.72643
102.901	70.9483	15.9039	56.2509	5.74288	3.84644	3.80829	-2.93683	4.12816	-2.70445
104.909	70.9341	15.9239	56.2175	5.78028	3.86733	3.83037	-2.95097	4.14822	-2.73783
106.915	70.9311	15.9225	56.2246	5.77738	3.8684	3.82978	-2.95402	4.14672	-2.73069
108.938	70.9217	15.9444	56.2273	5.79668	3.88231	3.84477	-2.96342	4.16867	-2.72798
110.947	70.9115	15.9677	56.2251	5.8197	3.8978	3.86164	-2.97359	4.19199	-2.73019
112.956	70.906	15.965	56.2775	5.79616	3.89541	3.85406	-2.97908	4.18926	-2.6778
114.949	70.8977	15.9805	56.2139	5.84119	3.91368	3.87617	-2.98743	4.20473	-2.74136
116.96	70.8967	15.9888	56.2375	5.83664	3.9145	3.87697	-2.98838	4.21305	-2.71776
118.948	70.8963	16.0053	56.1778	5.87679	3.92672	3.89554	-2.98886	4.22953	-2.7775
120.956	70.8793	16.0124	56.2146	5.87332	3.93788	3.90064	-3.00577	4.23671	-2.74072
122.964	70.871	16.0156	56.2124	5.88086	3.94547	3.9063	-3.01407	4.23988	-2.74288
124.972	70.8673	16.0373	56.1897	5.90905	3.9578	3.92288	-3.01784	4.26155	-2.76563
126.982	70.8578	16.0392	56.2493	5.88768	3.95916	3.91828	-3.02732	4.26351	-2.70603
128.988	70.8574	16.039	56.2345	5.89451	3.96097	3.92075	-3.02767	4.26331	-2.72078
130.982	70.8432	16.0629	56.1952	5.93727	3.9838	3.94582	-3.04192	4.28718	-2.76006
133.005	70.8414	16.0657	56.1908	5.94227	3.98656	3.94879	-3.04372	4.28999	-2.76446
135.013	70.835	16.0814	56.2806	5.91576	3.98677	3.94498	-3.05016	4.30566	-2.67471
137.02	70.8259	16.093	56.2178	5.95748	4.00419	3.96525	-3.05918	4.31731	-2.73748
139.012	70.8232	16.0875	56.2337	5.94761	4.00276	3.96102	-3.06187	4.31181	-2.72164
141.017	70.809	16.1027	56.2482	5.95935	4.01699	3.9728	-3.07614	4.32699	-2.7071
143.035	70.8119	16.1003	56.2424	5.95874	4.01459	3.97121	-3.0732	4.32459	-2.71291
145.036	70.8036	16.122	56.2621	5.96984	4.02577	3.98281	-3.08152	4.34623	-2.69325
147.044	70.7945	16.1413	56.2896	5.97632	4.036	3.99234	-3.09061	4.3656	-2.66573
149.045	70.7841	16.1482	56.2617	5.99921	4.04916	4.00506	-3.10101	4.37248	-2.69363
151.055	70.7827	16.1621	56.2488	6.01585	4.05609	4.01491	-3.10245	4.38633	-2.70655
153.084	70.7836	16.1652	56.2426	6.02044	4.05706	4.01712	-3.10153	4.38947	-2.71271
155.092	70.7816	16.1701	56.1999	6.04439	4.06476	4.02753	-3.1035	4.39441	-2.75538
157.092	70.7647	16.1622	56.2676	6.0168	4.06787	4.01995	-3.12039	4.3865	-2.68769
159.091	70.7599	16.191	56.243	6.05131	4.0834	4.04087	-3.12518	4.41528	-2.71235
161.133	70.7535	16.1919	56.2038	6.07294	4.09285	4.05062	-3.13165	4.41616	-2.75154
163.126	70.7575	16.2129	56.2277	6.07538	4.09392	4.05569	-3.1276	4.43717	-2.72761
165.14	70.7412	16.2086	56.2328	6.07836	4.10447	4.05992	-3.14391	4.43286	-2.72251
167.142	70.7359	16.2252	56.3057	6.06097	4.10605	4.05896	-3.14916	4.44949	-2.64957
169.152	70.7346	16.2302	56.331	6.05432	4.10604	4.05803	-3.15056	4.45443	-2.62426
171.168	70.7244	16.2289	56.2915	6.07591	4.11758	4.06832	-3.16068	4.4532	-2.66379
173.171	70.7318	16.2358	56.2183	6.10957	4.12194	4.08045	-3.15328	4.46008	-2.73704
175.19	70.7223	16.2635	56.2814	6.1068	4.13135	4.08864	-3.16276	4.48779	-2.67387
177.195	70.7208	16.2606	56.2307	6.12784	4.137	4.09608	-3.1643	4.48487	-2.72461
179.202	70.7072	16.2734	56.2246	6.14699	4.1522	4.10975	-3.17792	4.49772	-2.73073
181.21	70.7043	16.2785	56.266	6.13394	4.15165	4.10693	-3.18085	4.50279	-2.68929
183.223	70.7066	16.2548	56.2599	6.11805	4.14292	4.09471	-3.17852	4.47907	-2.69545
185.246	70.6943	16.2973	56.2681	6.15201	4.1651	4.1207	-3.19082	4.52158	-2.68724
187.247	70.7011	16.2981	56.2328	6.16455	4.16389	4.12379	-3.184	4.52235	-2.72253
189.254	70.6853	16.3108	56.2417	6.17811	4.17909	4.1359	-3.19977	4.53504	-2.71365
191.262	70.6785	16.3168	56.286	6.16675	4.18158	4.13487	-3.20664	4.54103	-2.66934
193.275	70.6779	16.3313	56.3601	6.14605	4.17888	4.13063	-3.20719	4.55554	-2.59517
195.277	70.6694	16.3301	56.305	6.17314	4.19085	4.14274	-3.21576	4.55439	-2.6503
197.283	70.6585	16.3489	56.3122	6.18963	4.20449	4.15612	-3.22666	4.57318	-2.64313
199.294	70.6722	16.33	56.2694	6.18698	4.1924	4.14718	-3.21291	4.5543	-2.68594
201.3	70.6614	16.3427	56.3311	6.17539	4.19822	4.14853	-3.22368	4.56694	-2.6242
203.302	70.6612	16.3713	56.2891	6.2146	4.21201	4.17009	-3.22393	4.59553	-2.66619
205.296	70.6578	16.3747	56.3259	6.20319	4.21183	4.16743	-3.22731	4.59894	-2.6294
207.304	70.6466	16.3767	56.3203	6.21287	4.22163	4.17437	-3.2385	4.60093	-2.63502
209.309	70.6435	16.3604	56.265	6.22612	4.2246	4.17631	-3.24161	4.58463	-2.69028
211.317	70.6301	16.3909	56.2631	6.25642	4.24488	4.1983	-3.25503	4.61515	-2.69221
213.325	70.6355	16.4001	56.3099	6.24043	4.23876	4.19305	-3.2496	4.62435	-2.64545
215.332	70.6305	16.3911	56.2645	6.25578	4.24448	4.19801	-3.2546	4.6154	-2.69081
217.338	70.6231	16.4076	56.2436	6.28082	4.25767	4.21318	-3.262	4.6319	-2.71175
219.35	70.627	16.4259	56.2489	6.29005	4.26005	4.22001	-3.25815	4.65021	-2.70641
221.359	70.6208	16.4231	56.2888	6.2741	4.25967	4.21487	-3.26435	4.64736	-2.66653
223.363	70.6253	16.413	56.3655	6.23195	4.24492	4.19531	-3.25978	4.63723	-2.58982
225.37	70.606	16.4422	56.2522	6.3115	4.28099	4.23719	-3.27915	4.66642	-2.7031
227.388	70.6075	16.4498	56.262	6.31217	4.28122	4.23884	-3.27758	4.67407	-2.69334
229.41	70.5958	16.4537	56.2213	6.33857	4.29575	4.25268	-3.28933	4.67795	-2.73396
231.403	70.5924	16.4731	56.2788	6.33016	4.29853	4.25486	-3.2927	4.69736	-2.67653
233.414	70.5938	16.4655	56.2427	6.33913	4.29881	4.25616	-3.29132	4.68975	-2.71256
235.428	70.5997	16.4562	56.3172	6.2976	4.28345	4.23671	-3.28538	4.68043	-2.63812
237.449	70.5881	16.4481	56.3031	6.3036	4.29123	4.24004	-3.29696	4.67237	-2.65224
239.475	70.588	16.4724	56.2607	6.3396	4.3036	4.25941	-3.29713	4.69668	-2.69456
241.466	70.5781	16.4847	56.2742	6.34816	4.31371	4.26798	-3.307	4.70898	-2.68111
243.482	70.5756	16.4966	56.2901	6.35159	4.31781	4.27266	-3.30955	4.72086	-2.66517
245.49	70.5731	16.4945	56.2678	6.36074	4.32138	4.2763	-3.31204	4.71879	-2.68746
247.504	70.5656	16.5239	56.2244	6.40484	4.34111	4.30176	-3.31947	4.74817	-2.73092
249.532	70.5656	16.5022	56.3109	6.35226	4.32505	4.27665	-3.31947	4.72647	-2.64439
251.53	70.566	16.5119	56.3139	6.35806	4.3276	4.281	-3.31913	4.73615	-2.64144
253.556	70.5655	16.5268	56.3403	6.35854	4.33006	4.28467	-3.31965	4.75109	-2.61498
255.56	70.5485	16.5424	56.3025	6.39466	4.35201	4.30635	-3.3366	4.7667	-2.65279
257.575	70.5462	16.5421	56.3445	6.37835	4.34934	4.30052	-3.33893	4.76641	-2.61079
259.592	70.5493	16.5432	56.3129	6.39052	4.35055	4.30472	-3.33578	4.76749	-2.64242
261.615	70.5479	16.5486	56.2736	6.41157	4.35747	4.31442	-3.33723	4.77282	-2.68166
263.627	70.5424	16.5426	56.2489	6.42041	4.36236	4.31782	-3.34274	4.76686	-2.70644
265.631	70.5409	16.5615	56.3348	6.39953	4.36061	4.31437	-3.34419	4.78575	-2.6205
267.635	70.5314	16.5716	56.2971	6.42758	4.37506	4.32987	-3.35368	4.79589	-2.65819
269.637	70.5325	16.5584	56.277	6.42556	4.37212	4.32587	-3.35266	4.78271	-2.67829
271.654	70.519	16.5902	56.2882	6.45157	4.39146	4.3464	-3.36609	4.81444	-2.6671
273.666	70.5181	16.5952	56.2906	6.45487	4.39359	4.34905	-3.36706	4.81948	-2.66475
275.693	70.5153	16.6014	56.3371	6.44182	4.39283	4.34598	-3.36977	4.82565	-2.61816
277.702	70.5179	16.6099	56.3115	6.4573	4.39626	4.3533	-3.36721	4.83417	-2.64376
279.719	70.5115	16.5987	56.2721	6.46851	4.40167	4.35674	-3.37365	4.82293	-2.68317
281.715	70.5096	16.6077	56.3041	6.46299	4.40265	4.35705	-3.37549	4.83193	-2.65117
283.725	70.5027	16.609	56.3181	6.46193	4.40697	4.35864	-3.38242	4.83331	-2.63721
285.727	70.5062	16.6068	56.3451	6.44749	4.40082	4.35164	-3.37896	4.83111	-2.6102
287.747	70.4987	16.6345	56.3402	6.47412	4.41595	4.36999	-3.38642	4.85879	-2.61507
289.764	70.4932	16.6367	56.3176	6.48777	4.42318	4.37717	-3.3919	4.86094	-2.63771
291.768	70.4865	16.6478	56.2842	6.51328	4.43539	4.39127	-3.39863	4.87209	-2.67113
293.775	70.4894	16.6482	56.296	6.50723	4.43206	4.38827	-3.39572	4.87248	-2.65932
295.794	70.486	16.661	56.3034	6.51554	4.438	4.39517	-3.39908	4.88528	-2.65191
297.814	70.4819	16.6674	56.2687	6.53664	4.44682	4.40586	-3.40323	4.89164	-2.68656
299.811	70.4805	16.6721	56.3134	6.52269	4.44476	4.40175	-3.40457	4.89638	-2.64195
301.821	70.4834	16.6692	56.2924	6.52755	4.44383	4.40234	-3.40176	4.89345	-2.66291
