# Object: 
# Sample: 
# Curr: 900 (Watts: 0.00212998, Luxes: 8.2241)
#Time	L	a	b	dE76	dE94	dE2000	dL	da	db
0	75.2316	11.3989	59.7486	0	0	0	0	0	0
1.514	74.5806	12.4658	59.2524	1.3447	0.887052	0.890762	-0.650973	1.06688	-0.496202
3.513	74.2008	13.0884	58.8349	2.17986	1.41761	1.43087	-1.03083	1.6895	-0.913657
5.506	73.9142	13.5197	58.5198	2.7827	1.80559	1.81986	-1.31741	2.12081	-1.22882
7.512	73.7289	13.7933	58.4032	3.13068	2.04602	2.05642	-1.50273	2.39434	-1.3454
9.535	73.5638	14.0181	58.196	3.47163	2.26455	2.27291	-1.66779	2.61917	-1.55262
11.542	73.435	14.1669	58.092	3.69242	2.42042	2.41948	-1.79665	2.76801	-1.65653
13.549	73.3259	14.3153	57.932	3.92899	2.56748	2.56665	-1.90572	2.91639	-1.81655
15.577	73.244	14.4235	57.9414	4.04534	2.66334	2.65574	-1.98761	3.02459	-1.80721
17.581	73.1707	14.528	57.8148	4.21639	2.76577	2.7603	-2.06088	3.12912	-1.93374
19.59	73.1023	14.6108	57.7574	4.33758	2.85021	2.84085	-2.12932	3.21184	-1.99115
21.579	73.0475	14.67	57.7095	4.43033	2.91571	2.90202	-2.18408	3.27106	-2.03907
23.586	72.9907	14.7216	57.6653	4.51685	2.97992	2.95957	-2.24088	3.32273	-2.08323
25.596	72.9452	14.8019	57.5945	4.6312	3.04786	3.03159	-2.28641	3.40295	-2.15412
27.613	72.9011	14.8357	57.5632	4.69239	3.09536	3.07257	-2.33051	3.43675	-2.1854
29.611	72.8667	14.8934	57.5445	4.76042	3.14202	3.12002	-2.36488	3.49445	-2.20404
31.62	72.8278	14.9197	57.5846	4.78094	3.17583	3.14391	-2.40386	3.52081	-2.16397
33.613	72.7927	14.9696	57.489	4.87888	3.2285	3.19959	-2.43887	3.5707	-2.25953
35.618	72.7685	15.012	57.4846	4.92412	3.26105	3.23259	-2.46311	3.61307	-2.26402
37.633	72.7341	15.0486	57.4281	4.99426	3.30489	3.27507	-2.49751	3.6497	-2.32051
39.645	72.7132	15.0814	57.4677	5.01051	3.32717	3.29473	-2.51843	3.68246	-2.28084
41.647	72.6892	15.1121	57.4029	5.07482	3.3621	3.33107	-2.54241	3.71322	-2.34563
43.663	72.6635	15.1494	57.4559	5.09097	3.3881	3.35305	-2.56811	3.7505	-2.29271
45.663	72.6425	15.1741	57.4283	5.1322	3.41491	3.37913	-2.58913	3.77521	-2.32026
47.683	72.6241	15.1834	57.4582	5.13497	3.42882	3.38715	-2.60756	3.78451	-2.29042
49.674	72.6003	15.2103	57.4004	5.19272	3.46154	3.42024	-2.63132	3.81136	-2.3482
51.682	72.5867	15.2327	57.3596	5.23459	3.48338	3.4441	-2.64494	3.8338	-2.38897
53.688	72.5694	15.2648	57.3877	5.25417	3.50393	3.46371	-2.66222	3.86587	-2.36092
55.692	72.5513	15.282	57.2943	5.31847	3.533	3.49507	-2.68027	3.88312	-2.45431
57.709	72.533	15.315	57.3797	5.31317	3.54866	3.50656	-2.69866	3.91605	-2.36887
59.712	72.5103	15.3263	57.418	5.31619	3.56566	3.51621	-2.72133	3.92743	-2.33058
61.723	72.5076	15.3605	57.3811	5.35902	3.58252	3.54081	-2.72405	3.96154	-2.36745
63.721	72.4933	15.3745	57.3521	5.3895	3.6009	3.55873	-2.73831	3.97559	-2.39647
65.748	72.4744	15.3897	57.3329	5.41886	3.62217	3.57771	-2.75721	3.99081	-2.41564
67.752	72.468	15.4024	57.4045	5.40008	3.62382	3.57592	-2.76364	4.00352	-2.34412
69.774	72.4521	15.4236	57.3647	5.44114	3.64676	3.59984	-2.77947	4.02466	-2.38383
71.783	72.4436	15.4552	57.3287	5.48469	3.66715	3.62551	-2.78798	4.05626	-2.41987
73.806	72.4259	15.4552	57.3608	5.47967	3.67735	3.62811	-2.8057	4.05626	-2.38781
75.814	72.4117	15.4656	57.3954	5.47972	3.68804	3.63427	-2.81993	4.0667	-2.35315
77.822	72.4088	15.4945	57.4247	5.49021	3.69656	3.64594	-2.82278	4.09557	-2.32392
79.828	72.3909	15.501	57.3332	5.54351	3.72161	3.67117	-2.8407	4.10203	-2.41541
81.851	72.3774	15.5318	57.3537	5.56445	3.7398	3.6898	-2.85426	4.1329	-2.39487
83.859	72.3659	15.5526	57.3362	5.5933	3.75701	3.70822	-2.8657	4.15368	-2.41241
85.873	72.3602	15.5571	57.3739	5.5834	3.75897	3.70715	-2.87139	4.15819	-2.37465
87.878	72.3544	15.5734	57.3428	5.61187	3.77185	3.72296	-2.87723	4.17453	-2.40581
89.897	72.3383	15.5805	57.3614	5.61743	3.78449	3.73066	-2.89327	4.18162	-2.38718
91.904	72.3311	15.6026	57.3878	5.62647	3.79446	3.74113	-2.90052	4.20365	-2.36081
93.893	72.3205	15.6224	57.4061	5.63911	3.80712	3.75315	-2.91115	4.22344	-2.34251
95.906	72.313	15.6237	57.4046	5.64462	3.81345	3.75733	-2.91866	4.2248	-2.34398
97.913	72.301	15.6574	57.3894	5.68231	3.83497	3.78226	-2.93065	4.25844	-2.35917
99.928	72.2972	15.6654	57.3742	5.69668	3.84201	3.79044	-2.93446	4.26653	-2.37441
101.912	72.2873	15.6765	57.3603	5.71579	3.85448	3.80254	-2.9443	4.27755	-2.38829
103.921	72.2801	15.6921	57.3625	5.73028	3.8648	3.8134	-2.95152	4.29314	-2.38611
105.944	72.2729	15.6918	57.3807	5.72622	3.86839	3.81356	-2.95872	4.29288	-2.36787
107.955	72.2498	15.7109	57.4107	5.74022	3.88922	3.82886	-2.98179	4.31203	-2.33784
109.961	72.245	15.7283	57.4674	5.73298	3.89293	3.8313	-2.98666	4.32934	-2.28117
111.967	72.2458	15.7293	57.338	5.78607	3.9055	3.8513	-2.98586	4.33038	-2.41062
113.981	72.2376	15.7412	57.4429	5.75634	3.90514	3.8449	-2.99403	4.34224	-2.30569
115.983	72.2365	15.7708	57.4156	5.79024	3.91822	3.86487	-2.99515	4.37184	-2.33302
118.017	72.2217	15.7762	57.3884	5.81297	3.93397	3.87823	-3.00993	4.37726	-2.36019
120.008	72.2117	15.7991	57.463	5.80562	3.94165	3.88305	-3.01995	4.40016	-2.28553
122.004	72.2068	15.8034	57.4637	5.81113	3.94667	3.88727	-3.02476	4.40449	-2.28484
124.011	72.199	15.8142	57.4031	5.84741	3.96208	3.90546	-3.03259	4.41524	-2.34547
126.018	72.1954	15.8377	57.3902	5.87224	3.9737	3.92118	-3.03619	4.43876	-2.3584
128.032	72.188	15.8518	57.4472	5.86419	3.97834	3.92304	-3.04362	4.45293	-2.30141
130.032	72.1812	15.8546	57.3949	5.89055	3.98958	3.93541	-3.05041	4.45573	-2.35373
132.042	72.1767	15.8837	57.3795	5.92101	4.00393	3.95477	-3.05493	4.48476	-2.36911
134.047	72.1623	15.8654	57.4841	5.87348	3.9988	3.93562	-3.06933	4.46646	-2.26444
136.057	72.1558	15.8929	57.4154	5.92449	4.01929	3.96306	-3.07579	4.49394	-2.33314
138.059	72.156	15.8757	57.4785	5.88683	4.00749	3.94457	-3.07559	4.47683	-2.27012
140.069	72.1479	15.8975	57.4654	5.91265	4.02198	3.96132	-3.08371	4.49859	-2.28315
142.084	72.1411	15.9134	57.4113	5.94936	4.03762	3.98072	-3.09055	4.51448	-2.33727
144.101	72.1308	15.9275	57.5086	5.92797	4.04058	3.97778	-3.10079	4.52862	-2.23998
146.102	72.1266	15.9406	57.5017	5.94278	4.04866	3.98741	-3.10497	4.54171	-2.24692
148.115	72.1154	15.954	57.4555	5.97638	4.06602	4.00615	-3.1162	4.55504	-2.29305
150.122	72.1103	15.9614	57.542	5.95213	4.06403	3.99923	-3.1213	4.56251	-2.20655
152.136	72.1092	15.9672	57.5206	5.96514	4.06879	4.00593	-3.12239	4.56832	-2.22801
154.141	72.1073	15.9797	57.4485	6.00297	4.08121	4.02407	-3.12427	4.58083	-2.30013
156.15	72.0944	16.0034	57.397	6.04759	4.10378	4.04976	-3.13724	4.60445	-2.35162
158.157	72.0973	16.0013	57.5026	6.0042	4.09064	4.03144	-3.13432	4.6024	-2.24595
160.173	72.085	16.01	57.517	6.01193	4.1015	4.03913	-3.14664	4.61105	-2.23162
162.166	72.0798	16.017	57.4906	6.02989	4.11029	4.049	-3.15184	4.61811	-2.258
164.175	72.0717	16.0392	57.4468	6.06754	4.12781	4.07057	-3.15986	4.64029	-2.30173
166.184	72.0641	16.0302	57.4384	6.06789	4.1316	4.07053	-3.16753	4.6313	-2.31021
168.193	72.0627	16.0432	57.5056	6.05332	4.1304	4.06775	-3.16893	4.64431	-2.24299
170.219	72.0553	16.0577	57.4946	6.07239	4.14178	4.08011	-3.1763	4.65881	-2.25399
172.224	72.0516	16.0701	57.5203	6.07434	4.14616	4.08427	-3.18	4.67118	-2.2283
174.24	72.0418	16.0596	57.4433	6.10007	4.15765	4.09467	-3.18978	4.66068	-2.30527
176.224	72.0447	16.0715	57.4868	6.09137	4.15508	4.09301	-3.18689	4.67256	-2.2618
178.235	72.0339	16.0845	57.5676	6.07754	4.15989	4.09239	-3.19768	4.68558	-2.181
180.242	72.0276	16.1047	57.4597	6.13592	4.18153	4.12175	-3.20401	4.70582	-2.28892
182.245	72.0265	16.108	57.5136	6.11912	4.17828	4.11584	-3.20511	4.7091	-2.23501
184.262	72.0203	16.1235	57.5082	6.13622	4.18851	4.12733	-3.21128	4.72456	-2.2404
186.263	72.0168	16.1248	57.5108	6.13808	4.19136	4.12913	-3.21477	4.72586	-2.23776
188.276	72.0115	16.1424	57.478	6.16641	4.20424	4.14547	-3.22007	4.74346	-2.27054
190.279	72.0033	16.1374	57.5403	6.14425	4.20305	4.13718	-3.22834	4.73848	-2.20827
192.277	72.0005	16.1457	57.5237	6.15809	4.20943	4.14516	-3.23112	4.74676	-2.22491
194.272	71.9934	16.1719	57.4985	6.19119	4.22574	4.16561	-3.23823	4.77302	-2.25011
196.285	71.9974	16.1724	57.5554	6.16891	4.21737	4.15556	-3.23417	4.77345	-2.19314
198.305	71.9825	16.1698	57.5714	6.1691	4.22651	4.15838	-3.24911	4.77085	-2.17719
200.324	71.976	16.1961	57.6057	6.18091	4.23677	4.16974	-3.25558	4.79719	-2.14286
202.331	71.9763	16.2101	57.5301	6.21824	4.24818	4.1881	-3.25532	4.81121	-2.21847
204.343	71.9738	16.2172	57.5347	6.22334	4.2519	4.19213	-3.25776	4.81826	-2.21389
206.346	71.9614	16.214	57.518	6.23338	4.26203	4.19842	-3.27026	4.81505	-2.23063
208.35	71.9548	16.2336	57.5542	6.23915	4.26997	4.20603	-3.27681	4.83468	-2.19438
210.357	71.9538	16.2413	57.4672	6.27676	4.28146	4.22346	-3.2778	4.84242	-2.28139
212.365	71.9522	16.2425	57.5011	6.26626	4.27986	4.21969	-3.27943	4.84359	-2.24746
214.365	71.948	16.2521	57.5181	6.26981	4.28458	4.22395	-3.28364	4.85318	-2.23044
216.375	71.9389	16.2755	57.485	6.30452	4.30223	4.24498	-3.29268	4.87661	-2.26361
218.391	71.9399	16.2595	57.5477	6.26935	4.29041	4.22692	-3.29175	4.86059	-2.20086
220.4	71.9276	16.2902	57.5531	6.29769	4.3092	4.24733	-3.30398	4.89127	-2.19547
222.394	71.9177	16.297	57.5564	6.30709	4.31873	4.25473	-3.31392	4.89812	-2.1922
224.396	71.9202	16.277	57.5888	6.27898	4.30732	4.23847	-3.31142	4.87804	-2.15981
226.408	71.9176	16.3115	57.5569	6.31816	4.32338	4.26215	-3.31396	4.91258	-2.19166
228.431	71.9118	16.3182	57.5322	6.33507	4.33238	4.27186	-3.31984	4.91928	-2.2164
230.429	71.9064	16.3128	57.5418	6.3303	4.33384	4.26996	-3.32523	4.91385	-2.20673
232.426	71.9104	16.3239	57.5387	6.33794	4.33465	4.27444	-3.3212	4.92498	-2.20989
234.424	71.8944	16.3343	57.5297	6.35749	4.3511	4.28811	-3.33719	4.93534	-2.21884
236.432	71.8918	16.3475	57.5373	6.36653	4.35668	4.29499	-3.33981	4.9486	-2.21129
238.447	71.8885	16.3452	57.5417	6.36491	4.35802	4.29455	-3.34307	4.94628	-2.20686
240.439	71.8864	16.3495	57.53	6.37352	4.3622	4.29951	-3.34526	4.95063	-2.21862
242.45	71.8811	16.3563	57.5881	6.36155	4.36299	4.29669	-3.35049	4.95739	-2.16053
244.465	71.8771	16.3724	57.5724	6.38154	4.37273	4.30907	-3.35452	4.97345	-2.17622
246.46	71.8681	16.3805	57.5625	6.39594	4.38314	4.31865	-3.36346	4.98157	-2.18612
248.458	71.8781	16.3774	57.5859	6.38037	4.37235	4.30926	-3.35353	4.97852	-2.16271
250.46	71.8689	16.3884	57.5376	6.41024	4.38744	4.32609	-3.36273	4.98945	-2.21103
252.468	71.8564	16.3988	57.5731	6.41274	4.39704	4.33166	-3.37517	4.99986	-2.17551
254.477	71.8605	16.4151	57.5668	6.42549	4.39982	4.33928	-3.37115	5.0162	-2.18175
256.481	71.8498	16.415	57.5973	6.42071	4.40515	4.33937	-3.38184	5.01606	-2.15125
258.495	71.8428	16.4347	57.5772	6.44657	4.41872	4.3556	-3.38876	5.03583	-2.17141
260.487	71.8465	16.4159	57.6037	6.42102	4.40735	4.34034	-3.38507	5.01702	-2.14484
262.499	71.8402	16.4389	57.5658	6.45498	4.4231	4.36054	-3.39138	5.03994	-2.18274
264.505	71.8348	16.4408	57.5808	6.45433	4.42651	4.36172	-3.3968	5.04189	-2.16783
266.506	71.8343	16.4484	57.6036	6.45291	4.42726	4.3625	-3.39732	5.04947	-2.14502
268.522	71.8356	16.4574	57.5492	6.47754	4.43423	4.37464	-3.39603	5.0585	-2.19934
270.524	71.8224	16.4533	57.5668	6.47529	4.44134	4.37565	-3.40918	5.05437	-2.1818
272.528	71.8175	16.4729	57.564	6.49414	4.45173	4.38836	-3.41413	5.07397	-2.18456
274.542	71.8124	16.47	57.5902	6.48582	4.45227	4.38524	-3.41918	5.07113	-2.15839
276.531	71.8194	16.4876	57.6087	6.48971	4.45088	4.38852	-3.41222	5.08864	-2.13984
278.539	71.8102	16.5091	57.5805	6.52078	4.46749	4.40784	-3.42137	5.11019	-2.16812
280.54	71.8066	16.5059	57.5859	6.51834	4.46872	4.40695	-3.42501	5.10695	-2.16265
282.541	71.7972	16.515	57.5638	6.53778	4.48091	4.41904	-3.43437	5.11609	-2.1848
284.54	71.7972	16.5247	57.5707	6.54301	4.48338	4.423	-3.43436	5.12574	-2.17784
286.552	71.7926	16.5086	57.6189	6.51701	4.47731	4.40964	-3.43898	5.10972	-2.12969
288.561	71.7869	16.5289	57.6422	6.52836	4.4861	4.4192	-3.44466	5.13001	-2.10636
290.565	71.7829	16.5497	57.6029	6.55956	4.49951	4.43748	-3.44868	5.15079	-2.14565
292.565	71.7809	16.54	57.6043	6.55253	4.49779	4.43313	-3.45074	5.14105	-2.14423
294.57	71.7762	16.5468	57.6114	6.55807	4.50293	4.43767	-3.45536	5.14792	-2.13722
296.594	71.7756	16.5415	57.6405	6.54476	4.49903	4.43092	-3.45603	5.14253	-2.10811
298.584	71.7603	16.5809	57.6313	6.58683	4.5244	4.45938	-3.47134	5.18202	-2.11726
300.597	71.7635	16.5597	57.6345	6.56741	4.51479	4.44652	-3.46816	5.16074	-2.11412
