# Object: 
# Sample: 
# Curr: 900 (Watts: 0.00212998, Luxes: 8.2241)
#Time	L	a	b	dE76	dE94	dE2000	dL	da	db
0	67.2553	13.2296	52.6392	0	0	0	0	0	0
1.254	66.7776	13.8439	52.1701	0.908576	0.624392	0.624064	-0.477692	0.614254	-0.469056
3.245	66.4702	14.2561	51.9039	1.48685	1.0278	1.02996	-0.785103	1.02649	-0.73528
5.268	66.24	14.5249	51.6095	1.9414	1.32922	1.33158	-1.01536	1.29532	-1.02967
7.261	66.06	14.7445	51.358	2.31622	1.57117	1.57699	-1.19529	1.51488	-1.28113
9.269	65.9226	14.8849	51.2835	2.52073	1.73167	1.72963	-1.33273	1.6553	-1.35568
11.276	65.7949	15.0452	51.0169	2.83917	1.91696	1.9233	-1.46043	1.81558	-1.62224
13.282	65.6974	15.1717	50.8814	3.04768	2.05079	2.06093	-1.55788	1.94211	-1.75773
15.297	65.605	15.2665	50.8175	3.19232	2.16066	2.16666	-1.6503	2.03688	-1.82168
17.298	65.5191	15.3531	50.8089	3.29748	2.2555	2.2547	-1.73624	2.12343	-1.83027
19.307	65.4497	15.4381	50.6473	3.47922	2.35808	2.36285	-1.80562	2.20845	-1.99185
21.315	65.3835	15.5229	50.5545	3.62056	2.44881	2.45631	-1.87179	2.29326	-2.08466
23.31	65.3239	15.5638	50.5281	3.69262	2.51128	2.51194	-1.93141	2.33419	-2.11108
25.318	65.2649	15.6398	50.4811	3.79844	2.5874	2.58867	-1.99047	2.41016	-2.15808
27.324	65.219	15.6784	50.4881	3.8432	2.63409	2.62987	-2.03632	2.4488	-2.15104
29.333	65.1707	15.7246	50.4231	3.93465	2.69492	2.68991	-2.08461	2.49494	-2.21611
31.341	65.1325	15.794	50.3938	4.01545	2.75045	2.74938	-2.12279	2.56436	-2.24536
33.358	65.0915	15.8088	50.363	4.06389	2.79109	2.78375	-2.16382	2.57918	-2.27615
35.344	65.0578	15.8518	50.2665	4.16346	2.84396	2.84091	-2.19747	2.62221	-2.37266
37.35	65.0264	15.8682	50.1697	4.246	2.88685	2.88406	-2.22888	2.63862	-2.46946
39.375	64.9905	15.9083	50.1923	4.27689	2.92413	2.91785	-2.2648	2.6787	-2.44684
41.367	64.9552	15.9384	50.201	4.30958	2.95979	2.94922	-2.3001	2.7088	-2.43812
43.374	64.9235	15.9937	50.1621	4.38329	3.00713	3.00031	-2.33181	2.76406	-2.47707
45.383	64.8926	16.0228	50.0802	4.46456	3.05154	3.04657	-2.36271	2.79316	-2.55893
47.389	64.867	16.0493	50.1053	4.48058	3.07634	3.06802	-2.38837	2.81971	-2.53387
49.396	64.8389	16.055	50.0753	4.51617	3.10409	3.09129	-2.41646	2.82541	-2.5639
51.403	64.8285	16.0678	50.0517	4.54311	3.11943	3.10756	-2.42687	2.83822	-2.58741
53.406	64.8055	16.1001	50.0096	4.59957	3.15323	3.14355	-2.44987	2.87049	-2.62955
55.43	64.7768	16.1274	49.9248	4.68061	3.19582	3.1885	-2.47851	2.89779	-2.7144
57.425	64.7573	16.1509	49.9558	4.68764	3.21401	3.20401	-2.49802	2.92124	-2.68333
59.449	64.7334	16.1549	49.978	4.69034	3.23086	3.2142	-2.52196	2.92528	-2.66116
61.457	64.7138	16.1836	49.9447	4.73769	3.25968	3.24497	-2.54155	2.95401	-2.69445
63.452	64.6921	16.2025	49.9994	4.73043	3.27507	3.25497	-2.56327	2.97289	-2.6398
65.457	64.6685	16.2352	49.9379	4.79806	3.31199	3.29517	-2.5868	3.00554	-2.70123
67.465	64.6541	16.2484	49.9033	4.83372	3.33217	3.316	-2.60126	3.01881	-2.73588
69.488	64.633	16.2595	49.9199	4.84262	3.3498	3.32924	-2.62233	3.02984	-2.71926
71.505	64.6185	16.2721	49.8996	4.86979	3.36784	3.34699	-2.63681	3.04247	-2.7396
73.508	64.6044	16.281	49.8155	4.93065	3.39316	3.37518	-2.65092	3.05135	-2.82368
75.518	64.5863	16.3112	49.8933	4.91525	3.40609	3.38425	-2.66905	3.08158	-2.74586
77.528	64.5769	16.3099	49.8712	4.9319	3.41605	3.39288	-2.67846	3.08023	-2.76798
79.534	64.5576	16.3183	49.9584	4.89944	3.42209	3.39044	-2.69772	3.08873	-2.68078
81.531	64.5451	16.335	49.8836	4.95806	3.44712	3.41957	-2.71024	3.10541	-2.7556
83.532	64.5243	16.355	49.8627	4.99354	3.47244	3.44435	-2.73099	3.12542	-2.77649
85.54	64.5205	16.3585	49.8088	5.02792	3.4838	3.45851	-2.73479	3.12893	-2.83033
87.551	64.4938	16.3878	49.795	5.06843	3.51571	3.48956	-2.76153	3.15814	-2.84413
89.54	64.4892	16.3693	49.8824	5.01084	3.50187	3.46622	-2.76612	3.13966	-2.75674
91.564	64.4664	16.4057	49.883	5.04598	3.531	3.4959	-2.78892	3.17611	-2.75611
93.557	64.4602	16.4152	49.8236	5.088	3.54673	3.5152	-2.7951	3.18558	-2.81555
95.568	64.4494	16.4409	49.771	5.13927	3.5703	3.54361	-2.80595	3.21126	-2.86819
97.559	64.4312	16.4532	49.8067	5.13714	3.58361	3.55237	-2.82416	3.22358	-2.83246
99.569	64.4234	16.4616	49.827	5.13551	3.58959	3.55667	-2.8319	3.232	-2.81212
101.578	64.4106	16.4716	49.7673	5.1817	3.61076	3.57985	-2.8447	3.24196	-2.87183
103.58	64.3962	16.4833	49.7684	5.19636	3.62558	3.59303	-2.8591	3.2537	-2.87073
105.588	64.391	16.4829	49.7529	5.20752	3.63163	3.5986	-2.86431	3.25324	-2.88624
107.595	64.3834	16.4816	49.7568	5.2088	3.63677	3.60136	-2.87197	3.25199	-2.88234
109.587	64.3703	16.5063	49.7535	5.23327	3.65512	3.62092	-2.88505	3.2767	-2.88563
111.594	64.3615	16.518	49.772	5.23527	3.66318	3.62769	-2.89385	3.28833	-2.86714
113.602	64.3463	16.5299	49.7465	5.26515	3.68224	3.64654	-2.909	3.30032	-2.89265
115.609	64.3394	16.5406	49.8087	5.24182	3.68274	3.64347	-2.91596	3.31097	-2.83043
117.615	64.3241	16.548	49.7081	5.30991	3.71051	3.67463	-2.93125	3.31838	-2.93109
119.606	64.3199	16.5508	49.8016	5.26294	3.70225	3.66027	-2.93545	3.32117	-2.83752
121.612	64.3108	16.5594	49.7727	5.28907	3.71591	3.67485	-2.94453	3.32979	-2.86644
123.62	64.3054	16.5631	49.8072	5.2758	3.71674	3.67296	-2.94989	3.3335	-2.83197
125.644	64.2926	16.5827	49.816	5.29061	3.73173	3.6876	-2.9627	3.35305	-2.82312
127.636	64.2755	16.6133	49.756	5.35177	3.7626	3.72304	-2.97982	3.3837	-2.88318
129.653	64.2704	16.5897	49.7411	5.34773	3.76137	3.71731	-2.98492	3.36005	-2.89802
131.652	64.2558	16.621	49.7335	5.37969	3.78354	3.7417	-2.99955	3.39135	-2.90561
133.678	64.2497	16.6227	49.7513	5.37455	3.7865	3.74239	-3.00558	3.39305	-2.88781
135.694	64.2451	16.6353	49.748	5.38691	3.7945	3.75161	-3.01025	3.40569	-2.89111
137.708	64.2259	16.6392	49.7055	5.42304	3.81654	3.77204	-3.02944	3.40958	-2.9337
139.731	64.2238	16.642	49.7089	5.42409	3.81858	3.77385	-3.0315	3.41239	-2.93024
141.724	64.213	16.6651	49.7256	5.43572	3.83205	3.78761	-3.04237	3.43544	-2.91355
143.733	64.2041	16.6729	49.7769	5.41838	3.83477	3.78645	-3.05121	3.44333	-2.86225
145.739	64.1983	16.6739	49.7574	5.43258	3.84223	3.79378	-3.05702	3.44431	-2.88172
147.73	64.189	16.6866	49.761	5.44394	3.853	3.80421	-3.06628	3.45696	-2.87817
149.737	64.1783	16.6912	49.7585	5.45422	3.86324	3.81273	-3.07698	3.46156	-2.88069
151.747	64.1789	16.6857	49.7341	5.46341	3.86435	3.81447	-3.07646	3.45611	-2.90509
153.741	64.1676	16.7353	49.7893	5.47224	3.88127	3.83388	-3.08774	3.50563	-2.84988
155.746	64.1523	16.7344	49.7098	5.52206	3.90348	3.85685	-3.10299	3.5048	-2.92932
157.762	64.1476	16.7386	49.653	5.55767	3.91597	3.87227	-3.10772	3.50895	-2.98614
159.762	64.1541	16.7368	49.6997	5.52795	3.90414	3.85896	-3.10125	3.50715	-2.93945
161.789	64.1371	16.7617	49.6995	5.55342	3.92527	3.88019	-3.1182	3.53211	-2.93963
163.796	64.1303	16.743	49.703	5.54359	3.92457	3.87434	-3.12507	3.51343	-2.93619
165.801	64.1205	16.7613	49.6485	5.58962	3.94505	3.89879	-3.13485	3.53169	-2.99061
167.808	64.112	16.782	49.6823	5.58953	3.95365	3.90687	-3.14328	3.55242	-2.95685
169.817	64.1163	16.7782	49.6864	5.58252	3.94855	3.90193	-3.13899	3.54862	-2.95272
171.848	64.0925	16.7844	49.7442	5.56964	3.9619	3.90699	-3.16279	3.55481	-2.89499
173.844	64.0907	16.8054	49.675	5.62028	3.97874	3.93112	-3.16464	3.57581	-2.96415
175.851	64.0959	16.8015	49.6972	5.60318	3.9705	3.92218	-3.15941	3.5719	-2.94199
177.858	64.0785	16.8196	49.6461	5.65139	3.99653	3.95005	-3.17682	3.58998	-2.99302
179.874	64.072	16.8301	49.7162	5.62502	3.99583	3.94535	-3.18337	3.60046	-2.92295
181.892	64.0669	16.8289	49.702	5.63452	4.00132	3.95024	-3.18839	3.5993	-2.93717
183.896	64.0628	16.8354	49.7071	5.63834	4.00594	3.95464	-3.19255	3.60575	-2.93208
185.892	64.0526	16.8445	49.6839	5.66203	4.01986	3.96899	-3.20276	3.6149	-2.95524
187.889	64.052	16.8461	49.6949	5.65759	4.01932	3.96793	-3.20327	3.61645	-2.94425
189.886	64.0477	16.8499	49.6612	5.68009	4.02829	3.97851	-3.20757	3.62029	-2.97799
191.894	64.0389	16.8619	49.7632	5.64001	4.02586	3.96985	-3.21643	3.63223	-2.87597
193.887	64.0412	16.8562	49.7429	5.64542	4.02489	3.96969	-3.21414	3.62658	-2.89621
195.896	64.0274	16.8928	49.7616	5.66731	4.04464	3.99123	-3.22787	3.6632	-2.87752
197.904	64.0211	16.8863	49.7074	5.69443	4.05464	4.00177	-3.23419	3.65672	-2.93171
199.916	64.0164	16.8979	49.6703	5.72374	4.06673	4.01692	-3.2389	3.66832	-2.96886
201.915	64.0131	16.8942	49.6421	5.73784	4.07183	4.02225	-3.24217	3.66455	-2.99703
203.922	63.9998	16.9245	49.6165	5.77814	4.09502	4.04892	-3.25547	3.69487	-3.02269
205.93	64.0009	16.8964	49.6485	5.74291	4.08148	4.02885	-3.25445	3.6668	-2.99068
207.957	63.9979	16.9139	49.6189	5.77122	4.09304	4.04447	-3.25746	3.68426	-3.0203
209.943	63.9924	16.9203	49.6275	5.77395	4.09825	4.04892	-3.26292	3.69072	-3.0117
211.97	63.9831	16.9311	49.6973	5.75009	4.09999	4.04602	-3.27227	3.70152	-2.94186
213.973	63.9742	16.9381	49.6776	5.76974	4.11174	4.05795	-3.28117	3.70849	-2.96156
215.963	63.9745	16.9308	49.6728	5.76732	4.10985	4.05517	-3.28081	3.70117	-2.9664
217.971	63.9625	16.9604	49.7467	5.75568	4.11903	4.06206	-3.29282	3.73079	-2.89246
219.987	63.9635	16.9288	49.7195	5.74837	4.11202	4.05148	-3.29178	3.69917	-2.91962
221.979	63.9605	16.958	49.6594	5.79966	4.13109	4.07842	-3.29487	3.7284	-2.97976
223.986	63.9586	16.9508	49.653	5.79938	4.13118	4.0772	-3.29672	3.72117	-2.9862
225.999	63.9506	16.9683	49.6731	5.80485	4.14033	4.08617	-3.30473	3.73867	-2.96605
228.012	63.9412	16.975	49.6717	5.81523	4.15004	4.09479	-3.31411	3.74534	-2.96749
230.013	63.9428	16.9784	49.6118	5.84727	4.15748	4.10682	-3.31249	3.74873	-3.02737
232.038	63.9385	16.9775	49.6603	5.82425	4.15445	4.09966	-3.31684	3.7479	-2.97887
234.048	63.9328	16.9826	49.6679	5.82685	4.15954	4.10376	-3.32251	3.75293	-2.9713
236.045	63.9167	16.9941	49.6549	5.8501	4.17758	4.12059	-3.3386	3.76452	-2.98426
238.043	63.918	17.0067	49.7204	5.82433	4.17202	4.11359	-3.3373	3.77707	-2.91874
240.056	63.9145	17.0095	49.6614	5.858	4.18325	4.12796	-3.34086	3.77993	-2.97775
242.057	63.9101	17.0356	49.6331	5.89173	4.19832	4.14815	-3.34523	3.80597	-3.00607
244.074	63.9003	17.0366	49.6811	5.87358	4.20026	4.14497	-3.35498	3.80698	-2.95805
246.081	63.9001	17.0441	49.691	5.87363	4.20151	4.14685	-3.35525	3.81448	-2.94814
248.071	63.8875	17.0511	49.6666	5.89766	4.21683	4.16173	-3.36786	3.82151	-2.97254
250.095	63.8888	17.0631	49.6639	5.90604	4.21978	4.16723	-3.36655	3.83347	-2.97525
252.088	63.8858	17.0465	49.6945	5.88159	4.21319	4.1552	-3.36952	3.81684	-2.94468
254.101	63.8862	17.0509	49.6516	5.90579	4.21965	4.1651	-3.36908	3.82127	-2.98758
256.118	63.8748	17.051	49.6487	5.91384	4.22921	4.17202	-3.38057	3.82135	-2.99041
258.134	63.8684	17.0772	49.6445	5.93655	4.24279	4.18881	-3.38687	3.84757	-2.99465
260.146	63.8732	17.0556	49.6898	5.8971	4.22668	4.16742	-3.38216	3.82599	-2.94935
262.153	63.8578	17.0721	49.6833	5.91989	4.24485	4.18502	-3.39755	3.84249	-2.95583
264.165	63.8617	17.0763	49.6422	5.94102	4.2482	4.19255	-3.39361	3.84671	-2.99699
266.186	63.8539	17.0806	49.6479	5.9454	4.25504	4.19785	-3.40144	3.85101	-2.99127
268.191	63.8523	17.0777	49.6966	5.91998	4.24921	4.18819	-3.40299	3.84803	-2.94252
270.207	63.8471	17.0908	49.6449	5.95734	4.26394	4.207	-3.40824	3.86116	-2.99422
272.231	63.8333	17.1061	49.6465	5.97439	4.27943	4.22163	-3.42203	3.87644	-2.9927
274.243	63.8341	17.092	49.686	5.94505	4.26948	4.20707	-3.42119	3.86234	-2.9532
276.268	63.8292	17.0992	49.6642	5.96342	4.27835	4.2173	-3.42608	3.86962	-2.97497
278.287	63.8323	17.1125	49.6754	5.96473	4.27854	4.21986	-3.42302	3.88293	-2.96376
280.297	63.831	17.1039	49.7059	5.94474	4.2731	4.21078	-3.42432	3.87426	-2.93328
282.293	63.8206	17.1223	49.6848	5.97316	4.28971	4.22925	-3.43474	3.8927	-2.95433
284.293	63.8115	17.1302	49.7041	5.97403	4.29697	4.23447	-3.44383	3.90057	-2.93506
286.316	63.8149	17.1318	49.6346	6.00758	4.3035	4.2463	-3.44044	3.90216	-3.0046
288.319	63.8002	17.1376	49.6171	6.02851	4.31925	4.26047	-3.45515	3.90797	-3.02202
290.324	63.8031	17.1424	49.6548	6.01112	4.31357	4.25407	-3.45219	3.91276	-2.98435
292.334	63.8008	17.1464	49.7148	5.98551	4.30912	4.24612	-3.45453	3.91675	-2.92431
294.357	63.7995	17.1428	49.624	6.02886	4.32053	4.26207	-3.45585	3.91319	-3.01516
296.371	63.7927	17.1564	49.6704	6.01852	4.32423	4.26362	-3.46265	3.92674	-2.96872
298.39	63.7909	17.166	49.6816	6.02039	4.32721	4.26716	-3.46443	3.93643	-2.9576
300.409	63.7825	17.1828	49.6406	6.05637	4.34418	4.28743	-3.47279	3.95319	-2.9986
