# Object: 
# Sample: 
# Curr: 900 (Watts: 0.00212998, Luxes: 8.2241)
#Time	L	a	b	dE76	dE94	dE2000	dL	da	db
0	75.648	11.4312	59.0944	0	0	0	0	0	0
1.104	75.1355	12.2673	58.5928	1.10156	0.709617	0.715408	-0.512527	0.836171	-0.501566
3.114	74.7554	12.8542	58.2607	1.87534	1.22117	1.22513	-0.892592	1.42305	-0.833723
5.129	74.4913	13.2499	58.0267	2.4054	1.57326	1.5746	-1.15669	1.81879	-1.06771
7.13	74.2854	13.543	57.8501	2.80443	1.84219	1.83867	-1.36264	2.11181	-1.24431
9.13	74.1349	13.7606	57.7056	3.10557	2.04163	2.03622	-1.51315	2.32946	-1.38874
11.155	74.0065	13.95	57.4846	3.41038	2.22346	2.22207	-1.64149	2.51888	-1.60979
13.155	73.9027	14.0784	57.4251	3.58333	2.34961	2.34104	-1.74532	2.64721	-1.66924
15.18	73.8159	14.1861	57.2787	3.77395	2.46565	2.45598	-1.83207	2.75491	-1.81568
17.19	73.7351	14.2909	57.2593	3.89939	2.56271	2.54721	-1.9129	2.85978	-1.83513
19.196	73.6669	14.3899	57.1079	4.07737	2.66271	2.65113	-1.98107	2.95874	-1.98649
21.204	73.6095	14.4641	57.0839	4.17093	2.73267	2.71749	-2.03848	3.03299	-2.01053
23.21	73.5593	14.5221	57.0522	4.25294	2.79279	2.77362	-2.08875	3.09099	-2.04217
25.233	73.5106	14.5746	56.9951	4.34244	2.85271	2.83032	-2.13744	3.14344	-2.09928
27.233	73.4566	14.635	56.9633	4.42809	2.91645	2.88934	-2.19138	3.20381	-2.13105
29.256	73.4234	14.6815	57.002	4.46002	2.95247	2.92134	-2.22456	3.25039	-2.09238
31.267	73.3841	14.7452	56.8957	4.57627	3.01439	2.98796	-2.26392	3.31401	-2.19869
33.286	73.3507	14.7791	56.8543	4.63733	3.05514	3.02627	-2.29734	3.34799	-2.24011
35.278	73.3224	14.8083	56.89	4.65545	3.08211	3.04759	-2.32565	3.37717	-2.20437
37.286	73.2873	14.8434	56.8454	4.71958	3.12482	3.0877	-2.3607	3.41224	-2.24903
39.28	73.2623	14.9042	56.8335	4.78175	3.1648	3.13183	-2.38574	3.47302	-2.26086
41.286	73.2381	14.9202	56.8045	4.81921	3.19141	3.15495	-2.40994	3.48901	-2.28992
43.283	73.2153	14.9589	56.8459	4.83933	3.21679	3.17812	-2.43271	3.52778	-2.24851
45.29	73.1885	14.9932	56.8283	4.88591	3.25004	3.21002	-2.45946	3.562	-2.26611
47.282	73.1663	15.0052	56.7929	4.92237	3.2746	3.23132	-2.48171	3.57407	-2.30149
49.288	73.1464	15.0367	56.7624	4.96952	3.30314	3.26098	-2.50157	3.60559	-2.33195
51.314	73.1289	15.0613	56.713	5.01947	3.32974	3.28913	-2.51911	3.63016	-2.3814
53.32	73.0987	15.0895	56.7723	5.02738	3.35539	3.30704	-2.5493	3.65836	-2.32209
55.33	73.0908	15.1169	56.7616	5.05624	3.37138	3.32633	-2.55717	3.68574	-2.33276
57.336	73.0705	15.1484	56.7628	5.08894	3.39688	3.35113	-2.57748	3.71724	-2.33153
59.326	73.0576	15.1357	56.7184	5.10676	3.4073	3.35707	-2.59038	3.70452	-2.37602
61.351	73.0445	15.1861	56.6845	5.16584	3.43727	3.39435	-2.60355	3.75496	-2.40991
63.36	73.0329	15.1965	56.6639	5.18884	3.45163	3.40796	-2.61515	3.76532	-2.43052
65.366	73.0198	15.2081	56.6845	5.19423	3.46305	3.41618	-2.62817	3.77691	-2.40991
67.359	72.9992	15.2382	56.6501	5.24256	3.49218	3.44615	-2.64881	3.80709	-2.44424
69.369	72.9804	15.2731	56.6343	5.28479	3.51945	3.47483	-2.66762	3.84198	-2.46007
71.376	72.9717	15.2954	56.6546	5.29599	3.53108	3.48683	-2.67629	3.86423	-2.43982
73.383	72.9553	15.308	56.5921	5.3425	3.55435	3.51043	-2.69271	3.87689	-2.50226
75.38	72.9516	15.3227	56.6523	5.32711	3.55544	3.50992	-2.69642	3.89152	-2.44204
77.375	72.9383	15.3159	56.6716	5.32011	3.5613	3.50894	-2.70972	3.88473	-2.42277
79.397	72.9257	15.3484	56.6712	5.35049	3.58142	3.53128	-2.72227	3.91729	-2.42317
81.406	72.9105	15.3596	56.6381	5.38146	3.60016	3.54886	-2.73755	3.92842	-2.45631
83.394	72.8989	15.3777	56.6039	5.41625	3.61848	3.56871	-2.74913	3.94659	-2.49046
85.401	72.891	15.392	56.6341	5.41687	3.62588	3.57464	-2.75702	3.96084	-2.4603
87.409	72.8694	15.4151	56.6847	5.42206	3.64446	3.58776	-2.77863	3.9839	-2.40965
89.418	72.8683	15.4234	56.6257	5.45522	3.65422	3.60198	-2.77975	3.99223	-2.46869
91.409	72.8566	15.4455	56.6677	5.45852	3.66579	3.61172	-2.79138	4.01431	-2.42671
93.417	72.8468	15.4579	56.5907	5.50722	3.6854	3.63465	-2.80119	4.02671	-2.50369
95.429	72.8379	15.4554	56.6836	5.46834	3.6816	3.62233	-2.8101	4.02421	-2.41078
97.433	72.8289	15.4729	56.6599	5.49636	3.69663	3.63906	-2.81915	4.04173	-2.4345
99.444	72.8224	15.5004	56.7608	5.47621	3.70003	3.64024	-2.82563	4.06929	-2.33359
101.463	72.8095	15.5159	56.6964	5.52201	3.72151	3.66391	-2.83853	4.08471	-2.39801
103.473	72.8066	15.5243	56.691	5.5321	3.72701	3.67039	-2.84142	4.09318	-2.40341
105.477	72.794	15.5467	56.6467	5.57448	3.74849	3.69445	-2.85403	4.11557	-2.44773
107.484	72.7861	15.5439	56.6519	5.57413	3.75305	3.69551	-2.86194	4.11274	-2.44245
109.491	72.7822	15.5622	56.6751	5.57952	3.75951	3.70301	-2.86581	4.13102	-2.41926
111.501	72.7638	15.5714	56.6834	5.59219	3.77564	3.71433	-2.88419	4.14021	-2.41095
113.496	72.7647	15.5779	56.6873	5.59495	3.77669	3.71676	-2.8833	4.14679	-2.40712
115.5	72.7627	15.5895	56.6448	5.6229	3.78635	3.73033	-2.8853	4.15833	-2.44956
117.508	72.7514	15.5944	56.7637	5.58164	3.78436	3.71903	-2.89664	4.1632	-2.33065
119.52	72.7428	15.6129	56.6933	5.62957	3.80409	3.74335	-2.90521	4.18172	-2.40104
121.509	72.7231	15.6247	56.6737	5.6569	3.82496	3.76102	-2.92487	4.19354	-2.42071
123.501	72.7254	15.6369	56.6568	5.67203	3.82893	3.76906	-2.92265	4.20572	-2.43762
125.509	72.7219	15.6418	56.7129	5.65361	3.8274	3.76428	-2.9261	4.21067	-2.3815
127.501	72.7104	15.6636	56.7161	5.67442	3.84287	3.78002	-2.93756	4.23247	-2.37824
129.523	72.7051	15.6744	56.7013	5.69144	3.85194	3.79023	-2.94288	4.24327	-2.39304
131.532	72.6973	15.6767	56.7389	5.68148	3.85482	3.78888	-2.9507	4.24553	-2.35544
133.541	72.6868	15.6861	56.7657	5.68294	3.86318	3.79411	-2.96117	4.25491	-2.32872
135.559	72.6839	15.7021	56.7364	5.70854	3.87358	3.80827	-2.96413	4.27097	-2.358
137.567	72.675	15.7058	56.699	5.73141	3.88533	3.81982	-2.97297	4.27467	-2.39536
139.565	72.6741	15.7346	56.7107	5.74853	3.89414	3.83334	-2.97387	4.30344	-2.38373
141.567	72.6678	15.722	56.7895	5.71014	3.88697	3.81728	-2.98021	4.29086	-2.3049
143.583	72.6595	15.7648	56.676	5.79314	3.91863	3.86077	-2.98848	4.33366	-2.41843
145.584	72.6542	15.7453	56.7009	5.77086	3.91379	3.84895	-2.99378	4.3141	-2.39346
147.592	72.6467	15.7662	56.751	5.76988	3.92124	3.85525	-3.0013	4.33502	-2.34336
149.601	72.6379	15.7786	56.7804	5.77194	3.92907	3.86094	-3.01015	4.3474	-2.31397
151.617	72.633	15.7811	56.7237	5.79939	3.93935	3.87318	-3.01505	4.34995	-2.37073
153.622	72.6264	15.8068	56.7545	5.80956	3.94956	3.88453	-3.02161	4.3756	-2.33985
155.661	72.6179	15.8113	56.7614	5.81457	3.9568	3.88944	-3.03008	4.3801	-2.33295
157.669	72.6154	15.8179	56.7967	5.80684	3.95734	3.88852	-3.03256	4.38675	-2.29769
159.679	72.6076	15.8191	56.7556	5.82823	3.96782	3.89888	-3.04037	4.38798	-2.33883
161.669	72.6048	15.8374	56.7452	5.84762	3.97695	3.91119	-3.04324	4.4062	-2.34918
163.675	72.5981	15.8348	56.7239	5.85776	3.98338	3.91605	-3.04993	4.40363	-2.37051
165.683	72.5905	15.8557	56.8066	5.84453	3.98768	3.91737	-3.05751	4.42452	-2.28773
167.691	72.5875	15.846	56.7674	5.85428	3.99075	3.9197	-3.06049	4.41489	-2.32697
169.698	72.5866	15.8814	56.8061	5.86631	3.99907	3.93252	-3.06143	4.45029	-2.28828
171.706	72.5834	15.8895	56.7388	5.90063	4.01084	3.94848	-3.06465	4.4583	-2.35561
173.713	72.5719	15.8994	56.7749	5.89983	4.01923	3.95301	-3.0761	4.46828	-2.3195
175.736	72.5732	15.9037	56.6854	5.93815	4.02861	3.96859	-3.07482	4.47256	-2.40902
177.749	72.5601	15.914	56.7139	5.94125	4.03911	3.97515	-3.08795	4.48288	-2.38051
179.74	72.5571	15.9156	56.7427	5.93247	4.039	3.97276	-3.09092	4.48442	-2.35168
181.744	72.5573	15.926	56.7483	5.93798	4.04162	3.97718	-3.09068	4.49482	-2.34605
183.74	72.5465	15.9282	56.7447	5.94673	4.05099	3.98356	-3.10152	4.49703	-2.34966
185.751	72.5463	15.9297	56.7144	5.96	4.05462	3.98911	-3.10167	4.49853	-2.38003
187.755	72.5363	15.9474	56.751	5.96412	4.06437	3.99697	-3.11169	4.51626	-2.34341
189.757	72.5334	15.961	56.7583	5.97313	4.07032	4.0042	-3.11463	4.52989	-2.33612
191.767	72.5291	15.9763	56.7566	5.98757	4.07869	4.01422	-3.1189	4.54515	-2.33774
193.782	72.5168	15.9783	56.7123	6.0129	4.09319	4.02741	-3.13125	4.5471	-2.38204
195.787	72.5271	15.9858	56.7787	5.98722	4.0811	4.01659	-3.1209	4.55462	-2.31565
197.795	72.517	15.9929	56.7895	5.99379	4.09007	4.02301	-3.13096	4.56179	-2.30492
199.81	72.5027	16.0055	56.7727	6.01727	4.10675	4.03828	-3.14528	4.57436	-2.32164
201.81	72.499	16.012	56.7907	6.01721	4.1099	4.04048	-3.14896	4.58085	-2.30364
203.835	72.502	16.0278	56.7073	6.06011	4.12104	4.06032	-3.14599	4.59667	-2.3871
205.841	72.4931	16.0306	56.7167	6.06316	4.1278	4.06414	-3.15489	4.59945	-2.37773
207.856	72.4919	16.038	56.7983	6.03784	4.12301	4.05588	-3.15607	4.60681	-2.29608
209.858	72.4823	16.0447	56.8843	6.01583	4.12417	4.05039	-3.16567	4.61351	-2.21004
211.867	72.4791	16.0509	56.782	6.06062	4.13862	4.07064	-3.16889	4.61974	-2.31242
213.874	72.4721	16.0676	56.7911	6.07353	4.1485	4.08093	-3.17589	4.63642	-2.30326
215.885	72.4757	16.0539	56.7948	6.05981	4.14094	4.0717	-3.17229	4.62275	-2.29958
217.894	72.4616	16.0716	56.8072	6.07607	4.15631	4.08513	-3.18643	4.64049	-2.28715
219.897	72.4632	16.0794	56.8729	6.05677	4.15123	4.07847	-3.18485	4.64826	-2.22148
221.917	72.4663	16.0827	56.8076	6.08189	4.15621	4.08876	-3.18167	4.65154	-2.28682
223.914	72.4491	16.1215	56.7814	6.13039	4.18452	4.12035	-3.19888	4.6903	-2.31298
225.919	72.4499	16.1199	56.8112	6.11761	4.18053	4.11464	-3.19815	4.68871	-2.28322
227.944	72.4454	16.1239	56.7613	6.14181	4.19016	4.12632	-3.20263	4.69272	-2.3331
229.945	72.449	16.1311	56.7944	6.13291	4.18645	4.1234	-3.19897	4.69991	-2.30002
231.972	72.4372	16.135	56.821	6.13219	4.19419	4.12648	-3.21083	4.70384	-2.27337
233.989	72.4323	16.1273	56.7783	6.14486	4.19964	4.13116	-3.21575	4.69617	-2.31608
235.996	72.4256	16.1338	56.8043	6.14353	4.20428	4.13339	-3.22239	4.70261	-2.29012
238	72.4247	16.1603	56.8091	6.16255	4.21311	4.14685	-3.22328	4.72918	-2.28525
240.017	72.4242	16.1579	56.7908	6.16778	4.21451	4.14861	-3.22381	4.72673	-2.3036
242.028	72.4187	16.1635	56.7944	6.17358	4.22018	4.15333	-3.22933	4.73229	-2.29998
244.03	72.4168	16.1703	56.7896	6.1816	4.2243	4.15843	-3.23118	4.73915	-2.30479
246.03	72.4069	16.1843	56.7753	6.20287	4.23786	4.1722	-3.24112	4.75318	-2.31906
248.032	72.4024	16.1937	56.7665	6.21565	4.24515	4.18033	-3.24557	4.7625	-2.32792
250.03	72.3981	16.1856	56.8197	6.19199	4.24064	4.16986	-3.24986	4.75447	-2.27468
252.052	72.3973	16.202	56.7788	6.22014	4.2506	4.18501	-3.25071	4.77087	-2.31556
254.054	72.392	16.2079	56.7772	6.22799	4.2567	4.19058	-3.25599	4.77674	-2.31714
256.06	72.3827	16.2297	56.7747	6.2505	4.27112	4.2063	-3.26527	4.79853	-2.31969
258.073	72.3922	16.2246	56.7778	6.24056	4.26198	4.19914	-3.25584	4.79347	-2.31662
260.082	72.3785	16.2414	56.819	6.24543	4.27386	4.20744	-3.26951	4.81023	-2.27539
262.085	72.3746	16.2428	56.8117	6.25118	4.27798	4.21095	-3.27339	4.81162	-2.28264
264.098	72.3801	16.2431	56.789	6.25689	4.27611	4.21223	-3.26791	4.81195	-2.30533
266.11	72.3664	16.2584	56.8183	6.26513	4.28871	4.22163	-3.28159	4.82727	-2.27608
268.137	72.3674	16.2575	56.8523	6.25164	4.28435	4.21555	-3.28056	4.82636	-2.24213
270.138	72.3618	16.2616	56.8444	6.26053	4.29075	4.22128	-3.28622	4.8304	-2.24994
272.166	72.3618	16.2554	56.8002	6.27182	4.29299	4.22481	-3.28617	4.82427	-2.29417
274.151	72.3454	16.285	56.7875	6.30787	4.31643	4.24925	-3.30261	4.85388	-2.30691
276.163	72.3447	16.2999	56.7969	6.31623	4.32088	4.25584	-3.30332	4.86871	-2.29752
278.165	72.3458	16.3107	56.7892	6.32675	4.32427	4.26214	-3.30217	4.8795	-2.3052
280.163	72.3419	16.3065	56.7862	6.32665	4.3262	4.2621	-3.30611	4.8753	-2.30817
282.174	72.3428	16.3138	56.7991	6.32717	4.32666	4.26357	-3.30521	4.88265	-2.29531
284.182	72.3387	16.3168	56.8225	6.32316	4.32848	4.26331	-3.30928	4.88565	-2.27188
286.213	72.3385	16.3156	56.8231	6.32215	4.32823	4.26271	-3.30954	4.88447	-2.27124
288.216	72.3269	16.3297	56.809	6.34412	4.34299	4.27715	-3.32107	4.89852	-2.28534
290.226	72.3242	16.3182	56.8435	6.32439	4.33807	4.26716	-3.32385	4.88709	-2.25084
292.233	72.3228	16.3358	56.7954	6.35585	4.3494	4.28415	-3.32516	4.9046	-2.29893
294.234	72.3177	16.3433	56.8482	6.34552	4.35074	4.28229	-3.33034	4.91215	-2.24618
296.232	72.3161	16.3563	56.8408	6.35905	4.35689	4.29087	-3.33192	4.92516	-2.25358
298.24	72.3163	16.3473	56.8609	6.34488	4.35188	4.28305	-3.33171	4.91617	-2.23348
300.252	72.3094	16.3651	56.8166	6.37792	4.36715	4.30197	-3.33856	4.93394	-2.27774
